


Generation 0

--------gene---------
93 45 45 64 
98 75 50 62 
86 73 43 40 
61 42 98 54 
37 93 74 61 
59 94 36 79 
51 79 87 68 
71 72 40 98 
48 32 47 34 
86 68 96 60 



Generation 1

--------gene---------
86 68 45 54 
93 45 45 54 
98 56 87 60 
93 45 96 97 
85 68 45 43 
51 68 50 62 
98 42 96 64 
98 45 45 64 
93 79 45 64 
86 79 87 62 
---------------------
--------feedback--------
67 65 76 63 71 78 63 81 79 70 
---------------------



Generation 2

--------gene---------
86 68 45 41 
41 68 50 62 
98 45 45 43 
93 45 54 54 
93 68 50 54 
51 70 50 62 
93 45 45 62 
98 45 45 60 
85 45 45 54 
93 68 87 43 
---------------------
--------feedback--------
55 69 69 121 65 29 96 72 71 74 
---------------------



Generation 3

--------gene---------
51 45 50 30 
51 45 50 54 
51 68 50 54 
93 83 50 62 
41 68 50 58 
51 68 50 62 
93 70 50 54 
85 70 50 54 
41 70 50 54 
93 45 89 54 
---------------------
--------feedback--------
68 39 85 60 57 31 65 68 61 85 
---------------------



Generation 4

--------gene---------
51 68 50 62 
92 68 50 58 
51 68 50 54 
51 68 50 54 
51 68 50 54 
51 68 50 62 
93 68 50 39 
41 68 50 62 
41 68 50 58 
40 68 50 54 
---------------------
--------feedback--------
64 40 33 68 39 29 59 51 45 83 
---------------------



Generation 5

--------gene---------
51 73 50 62 
31 68 50 35 
51 85 69 54 
51 68 71 62 
42 68 50 54 
95 82 50 44 
89 68 50 54 
51 68 50 54 
51 44 50 62 
51 68 50 54 
---------------------
--------feedback--------
29 52 33 33 33 29 72 39 39 44 
---------------------



Generation 6

--------gene---------
51 47 50 54 
51 68 50 95 
51 73 50 62 
51 44 76 62 
51 68 71 54 
51 73 50 54 
51 68 50 62 
51 98 66 54 
51 68 75 62 
51 68 50 62 
---------------------
--------feedback--------
34 72 49 30 42 83 53 33 37 33 
---------------------



Generation 7

--------gene---------
51 68 75 90 
51 68 65 62 
51 68 71 62 
51 68 71 54 
51 68 50 62 
51 68 50 30 
51 68 50 62 
51 68 75 78 
51 68 75 62 
51 68 50 62 
---------------------
--------feedback--------
38 62 34 43 34 38 29 59 34 29 
---------------------



Generation 8

--------gene---------
51 68 50 62 
51 68 66 74 
51 68 50 62 
51 68 50 62 
51 68 50 62 
51 68 50 62 
51 68 50 62 
51 68 67 62 
51 68 65 31 
51 68 65 62 
---------------------
--------feedback--------
62 24 30 34 29 57 29 50 34 29 
---------------------



Generation 9

--------gene---------
51 68 67 62 
51 68 50 62 
51 68 50 62 
51 68 67 62 
51 68 86 62 
51 68 50 62 
51 68 50 62 
51 68 65 62 
51 87 65 62 
75 68 50 62 
---------------------
--------feedback--------
29 37 29 29 29 29 29 26 51 24 
---------------------



Generation 10

--------gene---------
51 68 67 62 
51 68 67 62 
51 68 50 32 
97 68 67 62 
51 74 55 62 
51 68 54 62 
51 68 67 38 
51 68 50 62 
51 68 67 74 
51 68 67 62 
---------------------
--------feedback--------
26 29 29 26 45 29 29 24 43 35 
---------------------



Generation 11

--------gene---------
51 68 67 96 
51 68 67 62 
51 68 50 98 
51 43 67 62 
51 68 50 62 
51 68 50 63 
51 68 35 62 
51 68 67 62 
51 68 54 62 
51 68 67 62 
---------------------
--------feedback--------
26 26 55 54 30 25 46 29 38 26 
---------------------



Generation 12

--------gene---------
51 68 54 62 
51 68 67 62 
51 51 67 62 
51 68 50 62 
51 68 67 62 
51 68 67 62 
51 68 54 62 
51 68 67 62 
51 68 67 62 
35 68 54 62 
---------------------
--------feedback--------
60 26 65 35 29 30 44 26 25 26 
---------------------



Generation 13

--------gene---------
51 68 54 36 
39 68 67 62 
51 68 67 62 
51 68 67 46 
51 68 54 62 
51 68 67 62 
51 68 54 61 
51 68 67 62 
51 68 68 62 
51 68 54 62 
---------------------
--------feedback--------
25 26 27 29 26 26 25 26 26 41 
---------------------



Generation 14

--------gene---------
51 68 54 45 
51 68 54 61 
97 68 67 62 
51 68 54 62 
51 68 54 62 
51 68 54 62 
51 68 54 62 
51 68 67 62 
51 68 54 62 
51 68 67 62 
---------------------
--------feedback--------
47 38 26 38 25 26 24 26 27 25 
---------------------



Generation 15

--------gene---------
51 68 54 61 
51 68 54 61 
51 68 54 62 
51 68 54 61 
51 68 54 61 
51 68 54 62 
51 68 40 62 
51 90 54 62 
51 68 72 62 
51 68 54 62 
---------------------
--------feedback--------
38 24 54 25 25 25 25 26 25 26 
---------------------



Generation 16

--------gene---------
51 68 54 61 
98 68 54 61 
85 68 48 61 
51 68 54 61 
51 68 54 61 
32 68 54 61 
51 68 54 61 
51 68 54 61 
51 68 54 61 
51 68 54 62 
---------------------
--------feedback--------
24 24 25 24 24 25 39 47 31 25 
---------------------



Generation 17

--------gene---------
51 46 35 61 
85 68 54 61 
51 68 54 61 
51 68 54 61 
51 47 54 61 
51 68 54 61 
51 68 54 61 
51 68 76 61 
80 68 54 61 
58 97 54 61 
---------------------
--------feedback--------
24 53 46 24 24 43 24 24 24 25 
---------------------



Generation 18

--------gene---------
51 68 54 61 
51 68 54 45 
51 68 54 61 
51 71 54 61 
51 68 54 61 
78 68 54 61 
51 47 54 61 
51 47 54 61 
51 47 54 61 
51 68 54 61 
---------------------
--------feedback--------
49 40 24 24 29 24 24 34 35 46 
---------------------



Generation 19

--------gene---------
51 68 47 61 
79 68 54 65 
98 68 54 61 
51 68 54 61 
51 71 54 99 
51 71 54 61 
70 68 54 61 
51 77 70 61 
97 68 54 61 
51 71 54 61 
---------------------
--------feedback--------
24 38 24 27 24 33 29 29 29 24 
---------------------



Generation 20

--------gene---------
51 67 54 61 
84 92 54 61 
51 68 54 61 
51 71 54 61 
51 68 54 61 
70 68 66 61 
70 71 54 61 
70 71 54 61 
51 68 47 61 
51 71 54 61 
---------------------
--------feedback--------
31 38 53 24 65 27 25 37 52 27 
---------------------



Generation 21

--------gene---------
50 68 66 61 
51 68 54 61 
51 68 66 96 
70 68 54 61 
51 68 66 61 
51 68 54 61 
51 68 54 61 
70 68 66 61 
70 71 33 61 
83 71 54 61 
---------------------
--------feedback--------
23 63 24 27 24 25 28 28 31 27 
---------------------



Generation 22

--------gene---------
51 30 54 61 
51 32 66 61 
51 55 46 61 
51 68 54 61 
51 68 54 61 
51 68 66 61 
51 68 66 61 
94 68 66 61 
50 68 54 61 
51 68 54 61 
---------------------
--------feedback--------
25 24 59 25 24 24 24 25 49 41 
---------------------



Generation 23

--------gene---------
51 68 54 61 
51 68 66 61 
51 68 54 61 
51 68 51 61 
51 68 66 61 
51 68 54 61 
51 68 54 61 
51 68 54 61 
51 68 94 61 
51 68 54 61 
---------------------
--------feedback--------
46 44 29 24 24 24 24 49 25 24 
---------------------



Generation 24

--------gene---------
51 68 54 61 
51 68 66 61 
51 68 54 61 
51 68 66 44 
47 68 66 61 
51 68 59 61 
51 68 54 70 
51 68 54 61 
51 68 54 61 
51 68 54 61 
---------------------
--------feedback--------
24 24 24 27 24 24 24 24 52 24 
---------------------



Generation 25

--------gene---------
51 68 54 61 
51 68 54 61 
51 68 59 61 
51 68 54 61 
85 68 36 61 
51 68 54 61 
51 68 54 61 
51 68 54 61 
51 68 54 61 
51 68 95 61 
---------------------
--------feedback--------
24 24 24 39 28 19 33 24 24 24 
---------------------



Generation 26

--------gene---------
51 68 54 61 
51 89 54 61 
51 68 59 98 
51 68 54 61 
51 68 59 61 
51 75 54 61 
59 68 54 61 
95 58 54 61 
51 68 54 61 
51 68 59 44 
---------------------
--------feedback--------
24 24 19 24 58 24 24 24 24 53 
---------------------



Generation 27

--------gene---------
51 68 59 61 
51 68 59 61 
59 68 54 61 
51 68 54 86 
51 68 54 61 
67 68 54 61 
51 68 54 61 
51 70 54 61 
100 68 54 61 
59 70 54 61 
---------------------
--------feedback--------
24 45 56 24 19 31 16 44 24 34 
---------------------



Generation 28

--------gene---------
51 31 59 61 
51 70 54 61 
59 70 59 61 
77 70 54 74 
51 68 59 61 
67 68 56 61 
51 68 63 61 
51 70 59 61 
67 70 59 61 
59 70 59 61 
---------------------
--------feedback--------
19 19 16 49 24 22 24 26 55 18 
---------------------



Generation 29

--------gene---------
67 68 59 61 
59 68 59 61 
59 68 59 61 
59 70 59 61 
67 70 59 88 
51 70 59 61 
59 70 59 61 
67 70 59 61 
67 70 59 61 
67 90 59 36 
---------------------
--------feedback--------
40 26 13 47 19 20 21 21 19 13 
---------------------



Generation 30

--------gene---------
59 68 59 61 
59 70 59 61 
59 68 59 61 
59 70 59 61 
59 68 59 74 
59 68 59 61 
59 68 59 61 
87 70 59 34 
95 66 59 61 
59 70 59 61 
---------------------
--------feedback--------
17 11 11 13 46 21 13 19 19 62 
---------------------



Generation 31

--------gene---------
59 56 59 61 
59 68 59 61 
60 68 59 61 
59 68 59 61 
59 68 59 61 
59 70 59 61 
59 32 59 61 
59 68 59 98 
59 68 59 61 
59 68 59 61 
---------------------
--------feedback--------
11 13 11 13 24 11 11 64 43 13 
---------------------



Generation 32

--------gene---------
60 68 59 61 
59 56 59 61 
59 56 59 61 
59 56 59 61 
60 68 59 61 
59 68 59 61 
59 57 59 81 
59 68 47 61 
59 62 59 61 
59 68 59 61 
---------------------
--------feedback--------
7 11 10 11 11 13 31 48 11 11 
---------------------



Generation 33

--------gene---------
59 56 49 61 
59 56 59 61 
59 62 59 61 
59 79 45 61 
59 44 59 61 
60 56 59 59 
59 56 59 61 
59 56 30 61 
60 56 59 61 
59 68 59 58 
---------------------
--------feedback--------
10 7 7 7 10 11 26 23 5 11 
---------------------



Generation 34

--------gene---------
59 56 59 81 
59 56 59 61 
60 71 59 61 
60 56 59 61 
59 56 59 61 
59 88 59 61 
59 56 59 61 
54 85 59 70 
59 62 59 59 
59 56 59 61 
---------------------
--------feedback--------
17 7 5 36 19 6 7 36 6 12 
---------------------



Generation 35

--------gene---------
59 56 59 61 
60 56 59 61 
59 62 59 61 
60 56 59 61 
59 88 59 61 
60 56 59 61 
59 62 59 61 
59 56 53 69 
60 56 59 61 
60 56 96 59 
---------------------
--------feedback--------
27 7 13 6 7 31 7 42 5 7 
---------------------



Generation 36

--------gene---------
59 56 59 61 
60 56 40 71 
59 56 59 61 
60 56 59 61 
59 56 59 61 
60 56 59 65 
60 56 59 61 
60 56 59 61 
60 56 59 61 
60 56 59 61 
---------------------
--------feedback--------
7 6 5 6 31 6 5 21 6 41 
---------------------



Generation 37

--------gene---------
60 56 59 61 
60 56 59 61 
34 56 93 61 
60 56 56 61 
60 56 59 61 
60 47 59 61 
60 56 59 61 
60 43 59 61 
60 56 59 61 
60 56 59 61 
---------------------
--------feedback--------
7 35 7 6 7 10 6 6 6 6 
---------------------



Generation 38

--------gene---------
60 61 75 100 
60 56 59 61 
60 56 59 61 
60 56 59 61 
60 56 59 61 
60 56 59 61 
62 56 59 61 
50 56 59 61 
60 56 59 61 
60 56 59 61 
---------------------
--------feedback--------
6 6 64 9 6 15 6 19 6 6 
---------------------



Generation 39

--------gene---------
60 56 33 61 
60 56 59 61 
60 56 59 61 
60 56 84 61 
60 56 59 61 
60 56 59 61 
60 56 59 31 
60 56 59 61 
60 56 59 61 
60 56 59 94 
---------------------
--------feedback--------
56 6 6 6 6 6 8 16 6 6 
---------------------



Generation 40

--------gene---------
60 56 89 61 
60 56 43 61 
60 36 59 61 
60 56 59 61 
60 41 59 61 
60 56 98 61 
60 56 59 61 
45 56 59 61 
60 56 80 61 
60 56 59 61 
---------------------
--------feedback--------
32 6 6 29 6 6 34 6 6 39 
---------------------



Generation 41

--------gene---------
60 48 59 61 
60 56 59 61 
60 56 59 61 
60 56 59 61 
60 56 79 61 
60 56 59 61 
60 56 59 61 
60 41 59 61 
60 56 36 61 
60 56 59 61 
---------------------
--------feedback--------
34 22 26 6 21 43 6 21 25 6 
---------------------



Generation 42

--------gene---------
60 56 59 61 
60 56 59 61 
60 56 47 61 
60 56 59 61 
60 32 59 61 
60 56 59 61 
60 56 59 61 
60 56 59 61 
60 56 59 61 
76 56 59 61 
---------------------
--------feedback--------
14 6 6 6 24 6 6 21 29 6 
---------------------



Generation 43

--------gene---------
60 56 59 67 
60 56 44 61 
83 56 59 61 
60 56 59 74 
60 56 59 61 
60 56 59 61 
60 56 59 61 
60 56 37 61 
82 56 59 97 
60 56 59 61 
---------------------
--------feedback--------
6 6 18 6 30 6 6 6 6 22 
---------------------



Generation 44

--------gene---------
60 56 59 61 
60 56 59 61 
53 95 59 61 
60 56 59 61 
60 56 59 61 
60 61 59 61 
60 56 79 67 
60 56 59 87 
60 56 59 61 
60 56 59 61 
---------------------
--------feedback--------
12 21 29 19 6 6 6 28 64 6 
---------------------



Generation 45

--------gene---------
60 56 59 61 
60 56 59 61 
60 56 59 61 
60 56 82 61 
60 98 59 61 
60 57 59 61 
60 56 63 61 
90 61 63 79 
60 56 53 61 
58 56 59 61 
---------------------
--------feedback--------
6 6 44 6 6 3 30 32 6 6 
---------------------



Generation 46

--------gene---------
60 56 85 61 
60 56 38 61 
60 56 59 76 
60 56 59 61 
60 56 59 62 
60 56 59 61 
60 56 59 87 
60 56 59 61 
60 56 63 86 
60 56 59 61 
---------------------
--------feedback--------
6 6 6 27 40 5 8 53 12 8 
---------------------



Generation 47

--------gene---------
60 56 59 61 
60 76 83 61 
60 56 59 61 
60 56 59 39 
60 56 59 62 
60 56 59 62 
71 56 59 61 
60 56 59 62 
60 56 59 61 
60 56 59 62 
---------------------
--------feedback--------
30 27 21 6 7 6 32 6 33 6 
---------------------



Generation 48

--------gene---------
60 56 59 61 
60 56 59 61 
60 56 59 62 
60 56 59 61 
60 56 59 62 
41 56 59 62 
94 56 59 61 
60 56 59 62 
60 56 59 88 
60 56 59 62 
---------------------
--------feedback--------
6 40 6 26 7 7 17 7 6 7 
---------------------



Generation 49

--------gene---------
60 56 59 61 
60 56 59 62 
60 56 59 62 
60 56 59 61 
60 56 67 62 
60 56 59 62 
96 56 59 68 
60 56 59 62 
60 51 59 61 
60 56 59 61 
---------------------
--------feedback--------
6 6 7 6 7 26 40 7 33 7 
---------------------



Generation 50

--------gene---------
38 46 59 61 
60 56 59 35 
60 56 33 61 
56 81 59 62 
60 56 59 61 
60 56 39 61 
60 56 59 38 
60 90 59 61 
60 56 63 62 
60 56 59 61 
---------------------
--------feedback--------
6 7 7 6 13 7 49 7 11 6 
---------------------



Generation 51

--------gene---------
60 56 63 61 
60 56 39 60 
60 56 59 38 
60 93 59 61 
60 56 63 61 
60 56 59 61 
60 56 59 55 
60 56 51 61 
60 56 59 61 
60 56 83 61 
---------------------
--------feedback--------
38 30 32 28 6 26 27 32 9 6 
---------------------



Generation 52

--------gene---------
60 56 59 61 
60 56 59 61 
60 56 59 55 
60 35 63 61 
60 56 59 61 
60 56 59 61 
60 56 59 61 
40 56 59 61 
60 56 63 61 
60 56 63 61 
---------------------
--------feedback--------
8 25 27 35 8 6 10 14 6 28 
---------------------



Generation 53

--------gene---------
60 56 59 61 
60 56 59 61 
70 56 59 61 
60 56 59 61 
60 56 59 61 
60 56 59 61 
60 56 59 61 
60 56 93 61 
32 56 59 61 
60 56 59 61 
---------------------
--------feedback--------
6 6 10 29 6 6 6 26 8 8 
---------------------



Generation 54

--------gene---------
60 56 59 61 
60 56 65 61 
60 56 59 61 
60 56 59 61 
60 56 59 61 
60 56 59 61 
60 56 59 45 
60 56 81 61 
60 56 59 61 
60 56 59 61 
---------------------
--------feedback--------
6 6 16 6 6 6 6 38 34 6 
---------------------



Generation 55

--------gene---------
60 56 59 61 
49 56 59 64 
60 56 59 61 
60 56 59 61 
60 56 51 61 
60 56 35 61 
60 56 59 61 
60 56 59 61 
60 56 59 61 
60 56 59 61 
---------------------
--------feedback--------
6 10 6 6 6 6 20 26 6 6 
---------------------



Generation 56

--------gene---------
60 56 59 61 
60 56 59 61 
60 56 59 61 
60 83 59 61 
60 56 59 61 
60 56 59 61 
60 56 100 61 
60 56 59 61 
60 56 59 61 
60 56 59 61 
---------------------
--------feedback--------
6 20 6 6 14 30 6 6 6 6 
---------------------



Generation 57

--------gene---------
60 56 59 61 
60 56 59 61 
60 56 59 43 
60 56 59 61 
60 56 59 61 
60 56 59 33 
60 56 59 61 
60 56 59 61 
60 56 59 61 
60 56 45 61 
---------------------
--------feedback--------
6 6 6 25 6 6 45 6 6 6 
---------------------



Generation 58

--------gene---------
60 56 49 61 
60 56 59 61 
60 56 59 61 
60 56 59 86 
60 56 59 61 
87 56 59 61 
44 56 59 61 
60 56 63 61 
86 56 59 61 
60 56 59 61 
---------------------
--------feedback--------
6 6 22 6 6 32 6 6 6 20 
---------------------



Generation 59

--------gene---------
60 95 59 61 
60 56 59 61 
60 56 59 61 
60 77 58 61 
60 30 59 61 
60 56 38 52 
60 56 59 61 
60 56 59 61 
60 56 63 61 
60 49 87 61 
---------------------
--------feedback--------
16 6 6 31 6 33 22 8 32 6 
---------------------



Generation 60

--------gene---------
60 56 59 61 
60 96 59 61 
60 56 79 61 
43 66 59 61 
54 56 80 61 
60 56 59 61 
60 56 59 61 
60 56 59 61 
60 56 59 42 
60 56 63 61 
---------------------
--------feedback--------
37 6 6 20 32 34 6 6 8 39 
---------------------



Generation 61

--------gene---------
60 79 59 61 
60 56 63 61 
60 56 59 61 
60 56 63 61 
60 47 59 61 
60 56 59 61 
60 59 59 61 
60 56 59 61 
76 56 59 61 
88 56 90 61 
---------------------
--------feedback--------
6 38 24 25 31 6 6 6 23 8 
---------------------



Generation 62

--------gene---------
60 56 59 61 
60 56 59 61 
60 56 63 61 
60 56 59 61 
60 59 59 61 
58 56 44 61 
39 56 59 61 
60 59 63 34 
60 56 63 61 
60 56 50 61 
---------------------
--------feedback--------
21 8 6 8 15 6 3 6 22 63 
---------------------



Generation 63

--------gene---------
60 56 59 61 
60 59 59 41 
60 56 59 61 
60 56 59 61 
60 56 59 61 
60 56 59 61 
78 56 59 85 
60 56 59 61 
60 44 59 84 
60 59 59 61 
---------------------
--------feedback--------
6 6 8 6 3 23 27 30 8 15 
---------------------



Generation 64

--------gene---------
60 56 59 61 
60 56 59 61 
60 75 59 61 
60 56 59 61 
60 56 68 61 
34 58 59 61 
60 56 59 61 
60 62 59 61 
60 56 59 61 
60 56 39 61 
---------------------
--------feedback--------
6 21 6 6 6 6 48 6 41 3 
---------------------



Generation 65

--------gene---------
60 62 59 61 
60 56 59 61 
60 62 59 61 
60 56 59 61 
60 56 59 61 
60 46 59 61 
60 56 59 61 
60 56 41 61 
60 62 59 61 
60 62 59 61 
---------------------
--------feedback--------
6 6 17 6 13 30 6 4 6 26 
---------------------



Generation 66

--------gene---------
96 81 59 61 
60 62 59 61 
60 48 59 61 
60 62 59 61 
60 70 59 61 
60 62 59 61 
60 56 59 61 
60 83 59 61 
60 62 59 61 
60 62 59 61 
---------------------
--------feedback--------
4 6 4 6 6 16 6 24 4 4 
---------------------



Generation 67

--------gene---------
60 62 59 61 
60 62 59 61 
60 62 59 61 
60 93 59 61 
60 62 59 61 
60 62 59 64 
60 62 59 61 
60 62 59 61 
60 62 97 61 
60 62 44 61 
---------------------
--------feedback--------
59 4 14 4 12 4 6 25 4 4 
---------------------



Generation 68

--------gene---------
60 62 59 61 
60 62 59 61 
60 62 59 61 
82 62 59 61 
60 82 59 61 
46 62 59 61 
60 62 59 61 
60 95 59 61 
60 62 59 61 
60 62 59 61 
---------------------
--------feedback--------
4 4 4 35 4 7 4 4 40 19 
---------------------



Generation 69

--------gene---------
60 62 55 61 
60 45 59 61 
60 62 59 71 
60 62 59 61 
66 62 59 61 
60 62 80 61 
60 62 59 61 
60 45 74 61 
51 62 61 61 
60 62 59 61 
---------------------
--------feedback--------
4 4 4 26 24 18 4 37 4 4 
---------------------



Generation 70

--------gene---------
60 55 59 73 
66 62 55 61 
60 62 73 61 
60 62 46 61 
60 62 59 48 
60 62 55 61 
66 62 59 61 
60 62 55 61 
43 62 55 61 
66 37 59 61 
---------------------
--------feedback--------
8 17 14 4 10 23 4 30 13 4 
---------------------



Generation 71

--------gene---------
60 62 55 61 
60 62 59 61 
66 62 55 61 
60 62 59 48 
60 62 59 61 
60 62 55 61 
66 71 59 61 
66 62 55 61 
52 62 31 61 
60 62 55 48 
---------------------
--------feedback--------
19 14 16 17 15 8 10 8 25 31 
---------------------



Generation 72

--------gene---------
66 62 55 61 
60 62 55 61 
60 62 59 61 
66 53 59 64 
60 62 40 56 
60 37 55 61 
59 62 55 61 
60 65 55 86 
60 62 59 61 
66 62 55 61 
---------------------
--------feedback--------
8 4 14 15 4 8 19 14 40 19 
---------------------



Generation 73

--------gene---------
66 72 74 61 
60 62 55 61 
60 62 55 61 
67 62 55 61 
66 62 55 61 
60 62 55 36 
66 62 55 61 
59 62 55 61 
66 62 59 61 
59 62 59 61 
---------------------
--------feedback--------
14 8 4 18 26 29 9 36 4 14 
---------------------



Generation 74

--------gene---------
60 62 55 52 
66 62 55 61 
66 62 55 61 
47 62 55 61 
60 62 55 61 
59 62 55 61 
87 62 55 61 
59 62 55 61 
60 62 55 61 
66 62 59 61 
---------------------
--------feedback--------
33 8 8 15 14 31 14 9 10 5 
---------------------



Generation 75

--------gene---------
59 62 55 61 
60 57 54 61 
59 62 69 61 
59 62 55 61 
60 62 55 61 
59 62 55 61 
36 62 55 61 
60 62 55 61 
59 62 55 95 
59 62 55 61 
---------------------
--------feedback--------
15 14 14 21 8 9 35 9 8 10 
---------------------



Generation 76

--------gene---------
59 62 55 61 
59 62 55 61 
60 62 55 61 
60 62 55 61 
59 34 55 61 
47 62 55 70 
60 61 37 61 
47 62 55 54 
60 62 55 61 
60 72 55 68 
---------------------
--------feedback--------
9 10 13 9 8 9 32 8 43 9 
---------------------



Generation 77

--------gene---------
59 62 55 61 
59 62 55 97 
60 62 55 61 
60 62 30 61 
60 62 55 61 
60 62 55 61 
60 62 55 61 
60 62 55 61 
60 62 55 61 
69 31 55 61 
---------------------
--------feedback--------
9 9 8 8 33 30 25 26 8 25 
---------------------



Generation 78

--------gene---------
60 62 55 61 
60 62 55 61 
60 62 55 61 
60 62 55 61 
60 62 55 61 
60 62 55 53 
58 62 55 61 
60 62 65 61 
55 62 55 61 
60 62 55 61 
---------------------
--------feedback--------
9 45 8 33 8 8 8 8 8 44 
---------------------



Generation 79

--------gene---------
60 62 55 61 
60 62 55 61 
60 62 55 61 
95 62 55 61 
60 62 55 61 
60 62 78 61 
60 62 55 61 
60 62 52 61 
60 62 55 61 
60 62 55 54 
---------------------
--------feedback--------
8 8 8 8 8 14 10 8 13 8 
---------------------



Generation 80

--------gene---------
60 62 87 40 
100 62 55 30 
60 62 55 61 
60 62 55 61 
60 62 55 100 
60 62 55 61 
60 62 55 61 
60 62 55 61 
60 62 55 61 
60 62 55 61 
---------------------
--------feedback--------
8 8 8 43 8 21 8 11 8 13 
---------------------



Generation 81

--------gene---------
60 62 55 61 
60 62 55 61 
60 62 55 61 
75 62 55 61 
94 62 55 61 
60 62 55 61 
60 62 55 61 
60 62 55 61 
60 62 55 61 
60 62 71 61 
---------------------
--------feedback--------
49 77 8 8 47 8 8 8 8 8 
---------------------



Generation 82

--------gene---------
60 62 55 91 
60 62 55 61 
60 62 55 61 
60 62 55 80 
60 62 55 61 
60 62 55 61 
60 53 55 33 
60 58 55 61 
60 62 55 61 
60 62 55 61 
---------------------
--------feedback--------
8 8 8 23 42 8 8 8 8 14 
---------------------



Generation 83

--------gene---------
60 58 55 61 
60 62 55 61 
93 70 55 61 
60 62 32 61 
60 62 61 61 
60 64 55 61 
60 62 30 61 
60 58 55 61 
60 62 55 71 
35 62 55 61 
---------------------
--------feedback--------
38 8 8 27 8 8 39 8 8 8 
---------------------



Generation 84

--------gene---------
60 62 55 61 
60 62 55 61 
60 62 55 61 
60 64 55 61 
60 54 55 61 
60 62 66 73 
63 62 61 61 
96 64 55 61 
60 62 55 61 
31 58 55 61 
---------------------
--------feedback--------
8 8 49 31 4 10 33 8 18 33 
---------------------



Generation 85

--------gene---------
63 62 61 61 
63 66 55 61 
60 62 55 61 
63 62 61 61 
60 62 61 61 
60 62 55 61 
60 62 66 61 
60 98 61 61 
60 62 55 61 
90 62 87 61 
---------------------
--------feedback--------
8 8 8 10 12 21 7 46 8 37 
---------------------



Generation 86

--------gene---------
65 62 70 61 
60 62 61 61 
93 62 61 61 
63 62 61 75 
63 75 61 61 
60 57 61 61 
63 62 61 61 
60 62 61 61 
60 62 61 61 
63 62 55 61 
---------------------
--------feedback--------
7 15 8 7 4 8 9 40 8 60 
---------------------



Generation 87

--------gene---------
60 57 61 61 
63 62 61 71 
60 57 61 61 
72 62 61 61 
60 57 92 51 
60 62 61 64 
60 61 61 61 
60 62 61 61 
60 62 61 61 
63 62 61 61 
---------------------
--------feedback--------
18 4 37 21 20 5 7 4 4 11 
---------------------



Generation 88

--------gene---------
60 61 61 58 
60 62 61 61 
60 62 61 61 
60 62 61 61 
60 62 61 61 
60 62 61 34 
60 61 61 83 
60 57 61 61 
60 62 61 52 
60 57 61 61 
---------------------
--------feedback--------
5 17 5 16 44 7 3 4 4 7 
---------------------



Generation 89

--------gene---------
60 70 61 61 
60 62 61 89 
60 62 61 61 
60 62 61 58 
60 62 61 92 
60 62 61 80 
60 62 61 61 
34 62 61 61 
60 61 61 61 
60 62 61 58 
---------------------
--------feedback--------
4 4 4 4 4 29 25 5 11 5 
---------------------



Generation 90

--------gene---------
60 62 61 58 
60 62 61 61 
60 62 61 58 
60 62 61 61 
60 62 61 61 
60 62 61 58 
60 62 61 58 
43 61 61 61 
95 62 61 61 
60 44 58 61 
---------------------
--------feedback--------
12 32 4 5 35 23 4 30 3 5 
---------------------



Generation 91

--------gene---------
60 62 61 61 
60 62 61 61 
60 82 61 61 
60 42 61 61 
60 62 61 99 
60 62 61 56 
60 62 61 61 
60 62 80 61 
60 62 61 61 
60 62 61 61 
---------------------
--------feedback--------
5 4 5 4 4 5 5 20 39 19 
---------------------



Generation 92

--------gene---------
60 62 61 61 
60 62 61 61 
60 86 61 61 
60 62 61 67 
60 62 61 61 
60 62 61 61 
60 62 61 61 
60 67 61 61 
60 62 61 61 
60 62 61 53 
---------------------
--------feedback--------
4 4 24 20 42 7 4 23 4 4 
---------------------



Generation 93

--------gene---------
60 62 61 61 
60 62 61 61 
60 62 61 61 
60 62 61 61 
60 62 61 61 
78 82 91 61 
60 62 61 61 
60 51 61 61 
60 62 61 61 
60 62 61 61 
---------------------
--------feedback--------
4 4 28 10 4 4 4 9 4 10 
---------------------



Generation 94

--------gene---------
60 62 61 61 
60 62 61 61 
60 62 61 61 
60 62 61 61 
60 62 39 61 
60 62 61 61 
60 62 61 61 
93 62 61 61 
60 62 83 61 
60 62 61 61 
---------------------
--------feedback--------
4 4 4 4 4 72 4 11 4 4 
---------------------



Generation 95

--------gene---------
62 62 61 61 
60 62 93 61 
60 62 61 61 
60 62 66 61 
60 62 61 61 
60 62 61 61 
60 62 61 61 
60 62 61 61 
60 62 61 61 
60 62 61 61 
---------------------
--------feedback--------
4 4 4 4 24 4 4 37 26 4 
---------------------



Generation 96

--------gene---------
60 62 61 38 
60 62 61 51 
49 62 61 61 
60 62 68 61 
60 62 86 61 
60 37 48 61 
60 47 61 61 
60 62 61 61 
60 62 61 61 
60 66 61 61 
---------------------
--------feedback--------
6 36 4 9 4 4 4 4 4 4 
---------------------



Generation 97

--------gene---------
60 62 61 61 
60 66 61 61 
60 62 68 61 
60 62 61 61 
60 62 61 61 
60 62 61 61 
89 62 68 61 
60 62 61 61 
60 62 61 61 
60 62 61 51 
---------------------
--------feedback--------
25 12 15 11 29 36 15 4 4 8 
---------------------



Generation 98

--------gene---------
60 62 61 61 
60 62 61 61 
69 62 61 61 
60 62 61 61 
60 62 61 61 
59 52 61 61 
60 62 61 61 
60 62 61 61 
56 76 61 61 
60 62 61 45 
---------------------
--------feedback--------
4 8 11 4 4 4 40 4 4 12 
---------------------



Generation 99

--------gene---------
85 56 61 61 
60 62 61 90 
60 62 61 61 
60 62 61 61 
60 62 61 61 
60 62 61 61 
60 62 83 61 
53 62 61 61 
60 62 61 61 
60 62 90 61 
---------------------
--------feedback--------
4 4 13 4 4 11 4 4 22 18 
---------------------



Generation 100

--------gene---------
55 82 61 61 
60 62 61 61 
60 62 61 61 
60 62 61 61 
60 62 61 72 
60 62 61 61 
60 62 61 61 
60 62 61 70 
60 62 61 61 
60 62 61 61 
---------------------
--------feedback--------
31 33 4 4 4 4 26 11 4 33 
---------------------



Generation 101

--------gene---------
60 62 61 61 
60 62 61 61 
79 62 61 61 
60 62 61 61 
60 62 61 97 
60 62 61 61 
60 62 61 61 
60 62 61 62 
60 62 61 61 
60 62 61 61 
---------------------
--------feedback--------
29 4 4 4 15 4 4 13 4 4 
---------------------



Generation 102

--------gene---------
60 62 61 61 
60 62 42 61 
60 62 61 61 
60 62 61 90 
60 62 99 61 
60 62 61 61 
60 62 61 61 
60 62 61 61 
60 62 75 61 
60 62 33 61 
---------------------
--------feedback--------
4 4 23 4 40 4 4 5 4 4 
---------------------



Generation 103

--------gene---------
60 62 61 48 
60 62 79 61 
60 62 61 61 
60 62 61 61 
60 62 61 61 
60 62 61 61 
57 62 61 61 
60 62 61 61 
36 68 61 61 
60 62 61 61 
---------------------
--------feedback--------
4 21 4 33 42 4 4 4 18 30 
---------------------



Generation 104

--------gene---------
60 62 61 61 
44 62 61 37 
60 62 61 61 
60 62 61 93 
60 62 61 61 
60 62 97 61 
60 62 61 61 
60 62 61 90 
60 62 61 61 
60 62 61 61 
---------------------
--------feedback--------
15 22 4 4 4 4 7 4 34 4 
---------------------



Generation 105

--------gene---------
60 62 61 51 
60 57 61 61 
60 62 61 61 
50 62 61 61 
58 62 61 61 
60 62 61 61 
60 95 61 61 
60 62 61 61 
60 62 61 61 
60 62 61 61 
---------------------
--------feedback--------
4 42 4 36 4 40 4 33 4 4 
---------------------



Generation 106

--------gene---------
60 62 61 61 
60 62 61 61 
60 72 61 61 
60 62 50 99 
60 62 61 78 
60 62 61 89 
60 62 78 61 
61 62 61 96 
60 62 61 61 
60 62 76 61 
---------------------
--------feedback--------
12 5 4 14 6 4 37 4 4 4 
---------------------



Generation 107

--------gene---------
60 72 61 61 
60 62 61 61 
60 62 76 61 
60 62 61 61 
60 62 61 61 
41 62 61 61 
60 62 61 61 
60 62 55 61 
54 62 61 61 
60 64 61 61 
---------------------
--------feedback--------
4 4 14 51 21 32 21 40 4 19 
---------------------



Generation 108

--------gene---------
60 64 61 61 
60 64 61 61 
60 62 61 61 
60 62 61 61 
60 62 61 61 
60 62 61 61 
60 62 61 61 
85 64 61 61 
60 34 61 61 
60 62 61 61 
---------------------
--------feedback--------
14 4 19 4 4 23 4 8 10 6 
---------------------



Generation 109

--------gene---------
60 62 31 61 
60 62 61 61 
60 62 48 61 
60 41 61 61 
60 62 61 61 
77 62 61 61 
60 62 61 61 
60 62 61 61 
60 62 61 61 
60 62 61 61 
---------------------
--------feedback--------
6 6 4 4 4 4 4 31 28 4 
---------------------



Generation 110

--------gene---------
60 62 61 61 
60 62 61 88 
60 62 61 61 
60 62 84 61 
60 63 61 61 
60 62 96 61 
60 62 61 38 
60 95 61 61 
40 67 61 61 
60 62 61 61 
---------------------
--------feedback--------
32 4 15 21 4 21 4 4 4 4 
---------------------



Generation 111

--------gene---------
60 62 61 58 
60 49 77 61 
60 62 61 61 
60 77 61 61 
60 62 61 61 
60 62 61 38 
44 62 61 61 
60 62 61 60 
60 62 41 61 
60 62 61 61 
---------------------
--------feedback--------
4 31 4 27 5 39 25 37 29 4 
---------------------



Generation 112

--------gene---------
60 79 61 61 
60 62 61 61 
55 62 80 61 
60 62 61 61 
60 62 61 58 
60 62 61 60 
60 62 61 61 
60 62 61 61 
60 62 61 61 
60 62 61 60 
---------------------
--------feedback--------
5 29 4 19 4 25 20 3 22 4 
---------------------



Generation 113

--------gene---------
60 62 61 61 
60 62 61 61 
42 62 61 61 
60 62 61 60 
60 62 61 60 
60 59 61 60 
60 73 61 90 
48 62 61 61 
60 32 61 61 
51 62 61 61 
---------------------
--------feedback--------
21 4 28 4 5 3 4 4 4 3 
---------------------



Generation 114

--------gene---------
70 62 61 60 
60 62 61 60 
60 62 61 61 
71 62 61 61 
60 62 61 60 
60 62 61 60 
60 31 61 60 
64 79 61 61 
60 62 61 61 
60 59 61 60 
---------------------
--------feedback--------
4 4 22 3 3 2 44 16 30 13 
---------------------



Generation 115

--------gene---------
60 59 61 60 
60 62 61 60 
60 62 61 60 
60 51 61 60 
60 34 61 60 
60 37 88 60 
60 90 61 60 
60 62 61 82 
59 75 61 60 
60 59 57 60 
---------------------
--------feedback--------
13 3 4 15 3 3 30 25 4 2 
---------------------



Generation 116

--------gene---------
60 62 57 60 
60 62 61 60 
60 51 61 60 
60 51 61 60 
60 59 57 60 
60 59 61 60 
60 62 61 60 
91 59 61 60 
60 59 57 60 
60 62 57 60 
---------------------
--------feedback--------
2 3 3 10 27 51 31 25 17 4 
---------------------



Generation 117

--------gene---------
60 59 48 60 
33 62 57 60 
56 62 61 68 
47 59 98 60 
60 62 57 60 
60 59 57 63 
60 64 61 60 
60 59 61 60 
60 59 61 60 
60 59 61 60 
---------------------
--------feedback--------
5 3 10 10 4 2 3 33 4 5 
---------------------



Generation 118

--------gene---------
60 59 61 60 
60 59 76 60 
39 62 61 60 
60 64 57 94 
60 62 61 60 
54 59 61 60 
60 62 61 60 
60 59 64 32 
60 73 61 60 
60 64 61 60 
---------------------
--------feedback--------
13 32 15 52 5 7 5 2 2 2 
---------------------



Generation 119

--------gene---------
83 59 61 60 
95 62 61 60 
80 62 61 60 
60 64 61 60 
60 62 61 60 
60 62 42 60 
60 59 61 60 
60 62 61 60 
54 62 61 60 
60 65 61 60 
---------------------
--------feedback--------
2 17 24 41 3 8 3 33 14 5 
---------------------



Generation 120

--------gene---------
60 59 61 60 
60 62 61 60 
60 62 61 60 
60 69 57 60 
60 62 61 60 
85 59 54 60 
60 62 61 60 
60 100 78 60 
60 71 44 60 
95 64 61 60 
---------------------
--------feedback--------
25 38 23 5 3 20 2 3 9 6 
---------------------



Generation 121

--------gene---------
60 62 61 60 
60 62 61 60 
100 59 61 60 
60 59 61 96 
60 62 61 60 
60 81 61 46 
60 62 61 60 
60 38 61 60 
60 62 61 60 
60 62 61 60 
---------------------
--------feedback--------
2 3 3 12 3 32 3 58 27 40 
---------------------



Generation 122

--------gene---------
60 93 61 60 
82 49 61 60 
60 62 61 60 
60 62 96 60 
60 62 61 60 
60 62 61 60 
60 62 61 60 
60 62 61 60 
60 80 61 60 
60 30 61 70 
---------------------
--------feedback--------
3 3 42 38 3 36 3 23 3 3 
---------------------



Generation 123

--------gene---------
60 98 61 60 
60 62 61 47 
60 62 61 60 
60 62 61 60 
60 62 61 60 
60 62 61 44 
42 62 61 60 
65 62 61 60 
60 62 61 60 
60 79 61 60 
---------------------
--------feedback--------
34 34 3 38 3 3 3 3 21 41 
---------------------



Generation 124

--------gene---------
60 62 61 60 
60 62 61 60 
60 62 61 60 
60 62 61 60 
60 62 61 60 
60 62 61 60 
60 62 61 60 
65 62 61 60 
60 62 61 60 
60 68 61 60 
---------------------
--------feedback--------
39 16 3 3 3 19 21 8 3 20 
---------------------



Generation 125

--------gene---------
60 62 61 60 
60 62 61 60 
60 62 61 60 
60 62 76 60 
60 62 52 60 
91 62 84 60 
60 62 61 60 
60 62 61 60 
60 62 61 60 
60 62 61 60 
---------------------
--------feedback--------
3 3 3 3 3 3 3 8 3 9 
---------------------
